414917
415194
697620
471058
108443
142282
1028351
715765
1089755
177073
766486
814194
410830
262957
948245
35542
484449
972991
536556
115190
279857
1016435
90379
795347
46794
248676
512394
831155
861426
170152
630339
540628
380052
507582
405848
586527
21982
771341
841977
280660
339617
135145
159774
539730
336846
232139
108431
318931
158827
776931
1212698
91678
495972
40704
1053818
86245
223721
355860
741663
1133329
401278
222207
140881
172808
1051830
518666
518505
451466
371230
853427
185396
287708
774516
323070
689756
638134
266056
146681
349369
509053
905396
613360
348186
381583
918116
144985
49450
392666
759660
20341
1274150
154654
275514
665235
371851
1000126
308731
71960
548824
650384
774722
535248
925442
1078761
345235
438319
337336
614092
846959
562986
1107240
247819
391843
347263
882891
1220302
878707
273725
467104
390224
113409
903250
494885
256704
579659
575275
1131838
160206
742080
233479
404465
152600
367991
1553
955377
291443
1075213
49616
866322
59766
1000781
537267
257059
367658
1038688
826799
146588
979
6211
222352
431279
142012
195787
411413
940890
894157
1289957
299715
653078
653847
302901
234437
594678
623123
245103
605053
12167
538716
83258
918499
296167
867054
526044
948357
159341
28133
154663
1208130
171360
137987
142333
873663
322965
908456
1077639
1032276
782861
104917
945681
200308
847477
822052
485227
1040035
1094904
680177
832406
343260
560406
22324
544788
181026
264489
130647
242952
32030
518809
774234
1283193
800394
446299
101762
764195
215530
223352
789392
101577
1097465
529034
59789
1285703
69577
327415
853905
450396
518846
32858
264194
742659
43503
412034
181814
737792
234111
354875
94715
247813
1003026
875323
663254
8957
1250228
172995
406843
119704
92558
251470
769013
175776
179061
369752
604061
543614
926816
817980
10014
185570
463908
415459
98568
768401
278586
994704
404633
357849
615391
510338
55162
83751
745426
18516
660028
1236217
708718
216806
447661
631490
695333
678011
1236281
243029
765146
70576
1287146
716751
727055
734468
6868
549253
791593
62197
691170
32992
605080
74180
636371
1119867
146469
1058686
73330
564893
768010
88151
84319
326802
230930
854782
52541
132933
114994
526297
3885
713431
100012
432169
208560
1034931
156358
366810
167093
425148
120396
361824
9909
979442
501232
767882
497190
243948
196716
498646
376251
990681
1048050
355358
854909
878494
482384
597774
38777
111439
299964
103431
562460
1041593
85862
202991
96826
439288
142328
166056
658134
19261
322458
449303
354714
1119788
791901
980622
391495
452650
42936
747214
504395
776606
181548
216915
166045
683628
290723
1169384
179220
160870
432952
451042
149181
390411
228007
714564
55997
442320
662199
646691
291327
273725
464016
682369
854718
13784
1001871
606069
40166
238439
1172182
219572
28314
424939
1095673
423892
470624
643828
705483
550280
457681
283699
135780
362982
186198
619858
387848
182255
6285
207616
6933
572610
509868
834408
191690
801655
23807
512503
447864
343383
638013
1068853
80693
260817
560492
703045
662239
829649
169192
494828
161413
1040164
45043
25520
631569
14047
971267
868416
775727
146281
519431
241020
93188
210965
430036
952542
126307
107710
653343
221470
511397
702532
118378
795602
263884
107482
637322
127875
315041
927471
579183
377596
369224
786543
263450
325504
1241130
451940
368826
83561
207998
738967
421611
808390
761779
1014372
254659
834120
932094
996045
5042
681148
1187552
511758
102397
407786
170998
54376
478985
665577
466677
598026
187896
1078582
372362
404655
625438
371641
87379
194899
11026
9751
310606
760603
222742
54046
1192423
18940
704707
656937
369090
83769
297444
43663
122760
350205
424504
441786
142391
755236
604489
496657
266677
149793
628039
663692
1191437
769970
492384
144359
63218
805666
623352
561916
676036
842522
768496
250963
206991
857736
529275
1060087
739833
302991
983915
425665
251690
171527
771345
9759
416692
139652
174828
700100
141147
721055
714905
501263
758643
3778
267505
215833
237231
223536
62395
647637
182268
918461
758843
175813
7389
72913
843646
1025056
1328938
144968
747651
19448
1198489
407473
67736
268016
258913
72440
331340
1140103
508837
313355
83584
505135
534290
246194
1332144
477345
101742
819967
1308637
1038
356662
256045
142177
920363
132821
905946
43961
46422
923168
538151
901646
202878
524533
706994
508817
387297
88592
203772
151730
497412
23274
284165
556708
227479
179210
196398
877432
400977
1014464
234133
16407
96449
610355
382802
94685
44610
355126
153454
949854
895173
871958
62982
370330
13277
121250
574131
246523
1337834
121239
680238
190708
420791
481638
892203
433588
430658
121050
399119
233262
467016
211364
98976
29911
297263
7408
563908
214761
1203614
994263
227025
344476
423534
333681
344755
125276
258606
51227
529035
226771
666736
90195
225814
445936
753471
445036
1086768
99759
13476
297518
430810
29611
900875
948816
292552
700623
1108288
23986
76556
1015788
380660
111322
57695
446051
352827
1215698
452631
393761
53332
659671
712803
182952
373622
321638
993407
450229
418195
153637
133714
358484
65433
265132
120345
925277
384841
201994
874490
65647
103139
705714
372603
73870
398922
33075
1780
747143
206788
936185
157935
217113
965973
959222
530437
530085
108693
285715
430065
390771
862788
1327663
68269
627614
231384
426294
63883
39748
1196559
24261
949139
969840
372230
848264
146908
381393
88658
111683
39606
150424
372057
521280
884712
302013
739154
350719
417344
12634
281715
464933
481674
7415
136237
90532
578969
371053
204873
195114
1056806
19171
1087301
329654
120770
881813
71633
265535
256172
130183
213331
270281
1128478
154878
214951
130426
297912
646363
150624
17346
928367
399652
241653
351123
366971
747204
1065228
83917
498233
435212
102210
56185
586043
361328
309187
763979
748056
235099
191418
1262058
717291
126069
492958
288415
98233
182563
204343
643646
121919
107695
571042
594129
323634
599618
1221209
126678
816717
15400
477952
504020
140554
436471
349819
454525
555309
523688
262544
713739
155906
38237
499887
440852
602998
358105
284231
380360
1162030
323931
8270
397996
294794
270682
835025
440000
20236
260064
521804
261239
83890
1271790
416243
148064
882566
920136
62850
239349
1060219
293300
123524
313683
350
247906
578038
253082
391914
566892
317240
804391
685353
892360
1117052
642789
775331
506609
981185
681865
242506
305132
262334
370281
69344
858667
335609
697977
455649
349423
31854
885385
340493
108047
178780
550527
68939
160369
197762
136768
111486
966902
346257
64882
596054
52255
850035
1251132
1092236
648935
600020
1082112
933718
37723
50385
989912
880
108697
72846
383056
61807
127395
372850
485670
569396
112013
560727
692677
91283
1135463
214840
653342
209660
807224
126743
75270
478408
1041809
8987
445820
124740
117766
1334955
1021041
97471
773023
1067291
263592
563813
275813
213473
256125
796749
1260617
888886
190319
901701
752711
567822
136008
1178966
766164
137825
442263
116093
359442
570296
30937
248740
954173
346936
867333
99698
981775
224894
901393
797112
780760
557635
951526
361785
289893
136522
885981
282819
660305
547527
19464
1028122
219748
777906
580895
216557
576914
420615
237460
767626
232627
833407
228313
229835
14023
290368
249696
952955
196500
302270
566116
99409
738756
226936
281315
301688
48718
263590
694650
911585
108114
318120
248542
637499
601130
283556
334118
509421
135009
75727
64929
50681
413710
926534
180762
1033662
745665
246178
370264
125101
107482
81470
1263479
676996
515024
391326
171924
370640
176279
40835
390193
10827
1121487
628824
344542
537295
260623
772035
155255
6987
47142
93568
754327
1061177
123441
1246522
778091
1108871
193152
322142
90952
460547
1038051
716153
259759
505757
153979
851102
58260
491166
1064917
127177
659347
815555
219459
1108787
336855
99582
203666
589450
488980
693243
1237986
71506
294579
1032611
360239
329992
212974
50462
350390
380787
90991
852000
743335
498874
336300
1240270
65058
499106
549388
105789
288370
223987
306994
279907
763688
77669
721537
259242
1305588
542934
707245
474419
734613
489975
764973
635726
244141
47427
262499
1189022
756650
1132089
58655
95052
361916
488721
665205
436289
626605
466687
633423
253934
907869
613189
116049
80182
126050
616111
1219206
230456
252573
91630
28046
1274730
761163
719385
1249714
20599
1094534
807571
525798
274801
213850
533822
209666
36924
127880
350437
37140
697500
752800
872953
62678
44838
417311
24134
488662
1383299
384430
159165
318280
700670
874281
167501
910268
610265
185051
909417
7240
356392
506506
1156217
268915
224286
120178
952904
195488
729404
849834
69501
27977
515002
624342
421082
867410
1155159
195276
1340937
393301
1106166
235463
281468
433494
677136
201613
862921
1318184
18509
337871
462011
281128
622688
555135
38833
275745
322489
355114
668378
60320
594858
376591
73673
227162
367502
180785
27653
711531
888524
143987
246317
385066
700950
469278
547157
423422
990348
23423
158478
333945
1179860
666779
214902
900662
483500
439358
93787
414102
29702
224029
777670
377058
90480
393214
21837
539134
1142102
345830
1066178
15432
186377
418079
838232
541373
184656
223942
31985
72788
130247
1224333
169438
1218145
207163
538405
556698
312169
648962
390403
27501
327259
943602
116674
125046
488332
222517
197448
430925
690928
79553
287080
210315
387984
453936
9846
343775
202754
531995
1363177
831927
685905
743311
340561
268248
37520
718817
642490
192980
671813
482321
992329
216698
196284
355284
283494
1122002
334640
6975
45708
396849
84965
201079
119005
708987
55599
428805
52586
129421
544272
826149
236742
1241554
945706
477189
197765
77608
151036
1126633
88944
7176
192205
165221
853079
696807
866586
408450
871003
1027512
748049
106740
214979
726381
186163
516377
793187
523180
1016481
213227
74780
407310
444428
171285
272744
188569
458109
876058
504911
516656
580168
32793
1141727
332103
713722
723216
121263
251694
692977
518655
527485
128246
274094
431286
443959
627178
602716
208163
290250
534768
747786
837754
112049
881817
619469
746621
855466
189774
663543
72488
699889
453227
867550
463012
65703
773085
470450
605400
4805
411271
909120
216301
482512
170708
64615
481175
1250951
316333
107464
680081
1139005
262573
622183
22948
605902
333563
784398
361845
545534
76467
664357
454537
565523
37217
807225
303019
474924
577150
485003
762038
310823
98682
1336455
141641
577229
443106
901438
830254
1113104
182467
408493
525149
1038115
16014
443718
40318
409325
129665
985176
896879
521202
186128
544600
260474
498099
337841
1089076
11855
684585
37778
428677
181337
296521
64939
1106351
100138
629734
113856
197601
593325
1081016
1324422
295356
270807
53525
70385
109835
336468
1643
76572
173552
246967
324144
268610
526282
374892
1053930
309239
296698
671955
430618
1030863
504966
627690
78669
401876
1299798
114649
131289
594991
739977
980831
313783
221336
790195
601759
422523
611530
1113432
620329
569447
321507
404841
238634
317873
967858
113807
59528
652926
139569
49846
260312
434789
270515
31138
469151
619282
1418324
341298
192285
1129033
79061
1042337
405905
35477
993428
377554
86901
396296
688712
251835
420670
499785
762499
430051
191830
925023
662368
1111700
967638
218825
1216685
1130704
4572
163382
290715
134310
887691
124365
1087011
427083
851533
212792
815842
16613
1377144
734279
359956
227748
31416
41679
288514
34320
991123
360540
479979
892655
326444
164484
720730
290092
603231
1163764
272487
1295736
644818
567747
841349
506504
128978
830311
253634
60870
711550
244494
106700
785815
802911
359322
512502
201836
620814
157426
459936
669214
441180
1179031
341194
349433
292777
1038441
787451
235980
562334
150293
53932
494748
969693
104171
893625
869025
676369
212778
186479
88694
28010
478647
276452
676013
259162
435790
470752
152208
24867
661512
395357
745337
263250
185453
219454
215016
358087
645214
87153
469255
506996
311212
858807
98584
265680
38400
166373
288347
927017
997387
242080
57987
255353
365139
31289
611541
224354
600089
955881
538503
802587
392474
21910
229759
283596
891432
1126931
555248
333938
528706
280217
107503
176761
869983
702261
486190
78785
467913
809109
7748
204440
651518
419996
494884
294445
567684
304152
1400114
586275
543374
1004127
333359
229212
46694
98404
866449
434846
329721
125544
145534
167973
705868
147800
750638
218898
1362028
306209
902294
128721
804186
118321
185497
465240
152305
664061
103307
1030514
111608
28983
25430
136137
583660
1002827
490926
31776
1196304
581134
283143
673873
411030
1117892
218363
273134
84714
498104
197520
312722
630754
37971
674596
915014
717015
61218
141401
425494
555408
136960
595876
194873
3801
357576
1099588
289465
374427
1191735
551480
615638
76011
514953
106566
573502
689437
382681
428984
821390
734375
176667
541276
132674
671489
618731
1029532
426580
351786
1066009
821687
414009
127674
198526
90159
148178
88688
314883
972300
472350
905657
1064699
43823
677470
292984
665846
867932
596926
259409
450362
883026
487932
43793
684108
925255
389970
749970
678753
370544
206467
712992
95351
102899
13439
281198
222655
3674
150448
14525
1138347
911541
537741
877362
514239
88381
506066
479590
1050428
1001487
44619
44995
644265
1378449
334911
871085
243006
643659
136456
602317
397596
275616
149362
903235
94646
80830
1075266
442436
1349879
1130599
123977
378911
562911
1064673
522364
746315
97711
494965
346088
631365
609501
973715
502416
168808
697683
396597
850910
127921
620445
57443
325550
456627
353215
180041
363459
376011
286867
200896
410131
305736
163337
631067
77738
1175178
150286
724558
1346415
186458
706996
352187
1204353
131221
1216484
555133
462443
762033
147219
55614
473417
482121
398176
384963
733348
1117858
327074
20150
428409
546031
919390
522833
950275
119434
457995
311070
983562
823972
340726
686781
368124
698187
67120
584898
702274
15200
222894
529475
709297
24318
540107
855248
17362
991749
26479
694845
403362
483467
357313
305884
68308
905500
628601
478327
335066
748756
378718
540533
751023
1006120
699664
747718
267458
514829
1268262
262617
391325
300365
270856
332375
923524
11594
348858
390266
422606
365654
1204294
339801
223159
371399
313859
1047697
238692
1131345
2434
555366
422524
124693
375092
266520
47781
391644
848419
238442
369518
340209
165065
370785
96260
649611
401285
975411
83020
960429
134362
300125
249089
113951
83482
351036
263725
249849
359524
685982
272383
527587
521143
461736
249573
453106
1089136
430568
501632
14206
287116
328171
385818
83577
1138921
1356410
785799
646169
459349
690906
503097
549884
407949
1084621
779516
1202287
90579
767723
907003
439094
910343
1048387
268396
99982
603888
57909
114920
88783
169260
194661
730104
648713
465097
684920
171304
146037
545662
7867
235085
189080
145084
631692
697445
141988
16145
452144
853829
746388
475925
576622
219021
157167
1073909
950395
946723
466237
1181294
449001
71196
713576
183345
138233
1118276
1079442
963507
113668
1010380
317344
69343
436570
415592
14158
145364
245348
133673
877340
966610
376568
164004
908243
328576
328294
316987
921181
667901
196760
825099
93422
107058
274117
517073
152206
487724
607061
884793
713473
180579
904111
564797
706443
307832
683011
492809
855661
523609
508016
1044905
485856
98993
1124694
509413
139153
470354
950831
389406
278144
69508
825958
48917
670552
986618
423150
16977
964744
1155182
383694
226057
594841
488994
943286
1104370
603207
776707
361504
69855
1145764
530868
571920
269587
490870
697637
451834
244000
564804
1183605
465010
667554
1061516
319587
877379
378925
694548
208109
237389
814599
557144
872074
638687
51565
432239
417198
539841
1230710
66994
247687
425017
262818
218034
480491
139649
95477
308672
268056
1155147
811628
703618
146903
356739
345433
7214
576202
535317
100736
125336
642752
692540
955489
388844
656240
714613
1064319
287251
226670
260531
473764
255324
546739
399032
18929
279492
653766
91210
233443
1161513
1147457
436471
382961
1279113
211259
29059
1008694
202527
401469
470279
547037
218043
664660
3728
784814
330316
730331
330801
591264
106877
538204
161052
541423
620424
739292
556717
683379
635518
95631
50341
50505
337423
700975
903019
338447
576339
1197361
802990
609942
198496
378195
71691
162146
235748
226039
106562
973629
624
475272
379574
521503
122836
284858
69079
891712
951623
412740
892400
229393
975676
216500
9771
276984
1318689
402360
409071
163830
263841
874139
623773
181087
815519
415757
34321
116159
23903
670985
602786
194806
354945
243460
78983
183217
113570
883537
546284
149295
424406
356379
1293203
20054
385389
398773
20161
1054654
102076
170389
388817
394610
1222171
28472
75873
1023149
241116
2918
115825
1051963
346127
263852
347339
221757
143357
84727
302810
213251
999448
204195
1125759
21392
319088
114087
105567
1059267
46845
2680
709718
86221
1058359
500223
658980
595076
95260
1380345
241471
795993
527278
365331
1235696
575928
278437
323156
806381
1287924
641622
850768
739230
410782
193416
911815
952579
244524
865651
827720
831648
766333
71152
254822
525640
264384
31895
167058
33153
768107
94778
151792
579841
82672
481201
645696
191003
30712
634200
73148
179985
372293
203949
739743
326421
420415
917670
726266
1869
97042
495638
815619
275483
812153
282667
756990
216766
115724
751046
340034
349352
609050
1176647
163117
678208
405391
798570
640272
276068
567638
534482
1350851
614991
129965
243335
27818
356890
365495
577076
118540
227767
3841
693916
597094
460780
381070
302630
614499
218131
53928
195312
561750
790521
969484
2663
656017
293231
199806
312172
100463
1045447
156545
401220
682710
834740
451049
493057
451113
694907
340988
7403
419737
31320
925328
787469
574644
128979
928692
440515
14476
1217427
793711
278040
268929
810424
257467
83098
444208
323434
504716
1263429
755298
282374
1169181
168573
202260
1073433
656985
779456
1234817
565160
542560
947248
632158
378494
361799
703259
830640
85321
292456
132198
851967
123578
408943
175350
541474
1025149
59483
137524
930085
307602
682206
808265
1048485
410275
251104
374701
398622
74337
66900
114904
213179
668648
300898
105346
1045213
175905
570216
853364
385480
366026
713508
370292
4887
1088083
490721
456179
987251
146131
411390
139726
95382
401378
951149
141890
811221
21139
902723
442227
396783
657
319005
23556
1083631
567912
82345
584346
468041
1018615
299179
385735
293244
113568
101003
571615
897118
314093
1005100
268937
312112
595268
511561
749217
945080
527919
282400
429687
1035723
123449
80247
726368
303483
883884
931224
279495
439429
754315
390392
332477
35528
127205
187190
1289916
389956
439363
345196
521790
846498
221943
39695
1334734
606252
900366
407245
407249
133408
855984
798592
972735
79426
482906
329057
141172
618707
594898
231944
218043
544315
192019
7466
777647
396127
467036
889504
1035563
7067
560846
316329
207292
1068606
799314
193405
251588
280155
734850
1036785
410905
624747
793952
148329
542207
710024
337764
765243
3051
690690
53597
1338027
504137
1090216
697907
113985
484987
87302
663795
19622
593359
827872
1171863
150618
155374
436164
458643
381970
418294
261949
1028045
514263
296993
990125
844835
359579
38312
553830
647076
575916
536129
758248
933387
25205
571053
254704
33160
476977
716333
1231595
16354
428816
135875
51833
447786
857200
422866
1014624
165158
441932
1218141
393839
309223
385182
545975
558023
189364
191746
932290
175439
443506
283388
778445
763616
1020128
183526
456959
554757
292098
370028
92772
181509
837804
1077296
216659
747456
641021
428816
123872
82753
224806
479218
1129449
432593
172538
968238
385266
134596
310442
657860
714665
556460
1234000
1027272
280272
131876
449071
1082803
28018
8286
668819
1411876
87093
96281
436325
704331
1406456
542581
404127
1076
192544
584725
60152
915586
61802
267462
433872
620909
140063
525094
190552
1068209
174841
580181
278754
151558
702729
351448
932959
855897
339493
538090
713863
536716
738309
92058
956945
232757
322903
580481
78448
1031029
158908
628591
204138
1165750
143498
96684
1088904
640186
252998
565467
64536
530769
656746
393928
75100
397195
505832
389448
610760
10238
860684
295642
388260
783519
252234
1393644
171206
276719
973248
253757
592642
689471
455603
579069
597177
211704
674472
255415
712870
114497
770615
610883
550529
82686
692860
790748
374174
530909
455284
84121
97711
657326
454320
216423
33667
647754
912320
711016
355381
409223
1239937
189777
641203
273816
407554
338956
545575
1111323
1250986
93620
238197
455269
515072
632635
365534
57740
464744
808782
560167
8957
577425
870136
459129
980523
369744
1209444
258040
687360
504451
322266
82174
110976
335173
576923
485596
1218032
153799
354348
66738
783021
295256
1005949
921415
768801
481463
1272837
5955
1160438
67347
800874
513732
804831
259800
214929
1028076
1324
166637
584323
202190
31841
46691
456719
153749
297238
935214
674194
14842
372248
374875
204451
1138081
33419
914074
323789
49040
224208
163028
144851
170923
269154
75914
37262
581500
1200162
853582
852564
122756
388874
1119170
983435
170654
446204
538679
992620
599238
263539
68196
383453
279135
778557
1043525
742083
23919
300246
703702
832852
480226
756133
209638
835777
747534
589130
62165
104732
458645
369674
205063
775774
157980
793556
401422
74702
185858
619401
552906
75393
408654
532959
725819
529414
54088
468108
44827
89911
494045
557655
1300246
354970
407815
1027568
181428
789365
339423
1112646
137453
663743
389847
112812
1256245
564379
953510
189647
519536
273710
806249
914890
487718
908705
1112335
528845
337477
1044338
671881
1120351
268890
281112
342074
186855
418014
990020
582955
344484
610379
1177182
829808
572281
179399
543460
209803
155985
247592
694252
1341761
1186566
182659
95713
313097
651736
184468
19001
167954
286486
847641
495442
854485
565651
1000161
599870
48055
467846
681468
439825
439196
71809
178144
163907
10373
896256
462523
381032
777812
559662
361509
756129
769518
526949
634926
378594
86557
423381
301718
1229072
713260
469012
282155
538422
855766
663859
356433
629922
212323
966324
265032
328132
1403316
313588
63196
262811
48066
493788
156299
641513
17475
457325
600885
786514
257845
56891
309967
440072
20281
598142
1070852
1223098
1294736
123638
42146
559324
994512
852491
444283
453823
73188
27158
42556
1288116
7468
635180
371829
249976
944210
1053144
680397
409973
301019
1142118
922115
1072202
676319
621824
639722
1073143
631110
158839
487085
366391
597793
390536
322379
563320
316651
621911
57775
206180
381400
503845
629887
154699
1194062
125800
1101865
34624
858870
611678
10540
1047414
980795
1167779
39774
34246
680422
349184
917457
269250
363451
1161317
628533
228560
431996
462828
356544
126726
429137
13603
69966
661066
279125
136781
907282
699349
56016
425050
312498
366238
442422
928672
80957
628709
26136
81546
376744
88037
53004
1222782
1167302
11760
1150761
530847
54717
743585
591397
235894
198667
99854
688978
60621
788091
676923
127514
355344
290711
139813
115037
16883
882073
60520
604344
596175
162352
475253
54470
300568
386656
570089
876466
731156
208151
23702
91413
878302
538901
683971
93492
168024
90237
584679
448297
325328
842653
92968
503320
277377
969767
406911
37243
936214
110725
209768
49928
738652
664227
422730
279924
862189
144570
1006125
29863
101194
553099
72333
1234511
627869
120644
620239
882551
123817
240157
37589
563641
949519
875708
508495
828017
1008496
537032
657859
294836
642618
678440
905509
398215
178245
127939
1050587
856114
146515
298220
1161596
728392
177915
577728
487280
635670
565948
173951
442902
225734
368054
95831
1048151
121604
291479
1024867
619136
374277
954885
695987
945458
239665
1014509
73944
27392
940782
985939
522034
62491
234984
118797
735554
531316
1020724
516104
30902
302935
607430
754669
476210
612002
235523
576259
305332
934381
935752
880836
235822
30319
787543
1177811
1274454
140494
729240
806107
786
165179
567349
1035377
106219
477277
1274240
316751
54810
627065
345541
147361
251775
850802
272364
25763
1118252
15249
886391
379655
374507
364839
267121
27185
306842
701235
387710
693583
381299
105917
310108
141330
189861
808827
302851
15105
561873
655595
451032
270241
557827
103404
64589
479372
154947
531312
615263
1333327
665223
354957
313090
894896
640900
1156828
724887
275638
783281
591896
559481
645937
47627
735075
570181
224200
177562
136067
157699
368906
824638
48811
1128817
393249
43241
26281
76888
186414
358347
768526
833532
307893
206801
443478
408103
150409
861732
37931
566313
41441
710211
59437
93406
1084562
452937
159210
628138
242633
324938
620937
11927
1112674
965205
788213
1059378
628611
212663
253254
432774
10633
245524
341649
22631
135884
1125801
307191
74340
1098178
471620
617118
544690
302616
69069
490189
50526
62060
57143
16792
934195
317425
325945
586711
156810
228621
746951
5037
600282
427228
835163
136599
310450
118722
275414
381911
879990
158108
351828
50890
252648
3857
357032
751256
150845
193610
85996
136387
462199
257985
447174
571822
919544
348739
607501
214428
1325141
207722
828709
658994
936868
809636
877379
1362604
675464
979432
525182
714077
631923
604131
1240997
99693
692977
562533
1114448
366525
477430
388478
463989
27603
406731
665228
42315
405572
22892
502873
362045
813267
494970
719014
144319
319490
106318
564397
675764
174583
759126
420926
683401
449071
45869
122974
963257
745148
228007
559370
414505
450461
210559
184882
424369
13870
287711
483498
460968
16523
154325
300482
58048
887619
115666
131589
129289
569339
341748
466392
499475
134169
16974
484451
23478
1167
519769
1124999
885400
518775
204551
900080
620361
99108
1269475
201213
1325485
18401
138987
496144
563976
1047055
998087
149433
250714
1139622
447889
823332
261640
167744
1279653
886857
980960
509595
136115
19613
404885
411423
549189
168784
1218662
91211
184217
1054025
111137
724331
131160
458286
152478
182938
812971
201910
915917
130197
102576
241830
199101
217027
593046
399356
218396
467340
964298
245287
30165
265221
58500
900301
897044
517805
164772
111911
1072106
284306
1017093
313106
751660
673660
475128
782000
297038
81817
467409
322584
620547
683926
691774
175834
67749
931352
151166
875418
433636
424994
401260
1150465
554139
123029
13725
275564
53662
807146
185973
272005
1075182
44198
136925
801624
1019383
112213
77738
14434
68948
1006038
306795
700685
234773
475603
768055
1308621
123785
420155
330583
841139
74482
645978
362390
937580
468231
612200
1007530
109524
102048
1195378
349913
807082
890634
84584
686714
103342
465256
355976
165762
515557
742516
643476
382016
894592
216338
37251
237595
1204419
1170728
187378
160524
196741
619096
642090
311405
381932
313031
196717
1267213
161713
866416
593537
16893
446261
777338
113118
339725
53514
428592
350238
491600
98515
126132
224948
283083
659652
397825
474150
375275
1070328
588373
35261
109397
275151
408902
632523
379311
577338
322759
420758
389626
540908
438078
208628
430490
522617
563331
673105
429890
138748
151284
328260
77557
397995
289794
377011
348342
1050561
829912
1053130
724479
31983
493904
533058
763587
634024
200455
142252
486899
9103
980651
148654
66838
783613
142260
1274030
698348
1211399
263781
1096323
165911
782013
368756
423228
428787
482850
943345
1059865
1076081
585507
663778
131555
25594
709367
1165247
209600
655462
143339
493418
57299
134495
207376
116003
446581
265131
1387553
116446
1204088
542921
1084784
1351119
849387
1091328
599127
1236153
468350
934773
587107
570964
599439
72780
558091
816286
634088
279932
719340
199726
121689
324603
1284366
125294
217303
226796
753950
51160
512580
436662
100583
775712
667113
799016
84860
360394
429943
739805
439684
840385
394227
67659
217263
605465
540540
200879
532402
344351
849091
390746
168382
1074469
573972
164330
351406
837395
97724
491478
439059
589019
853614
199028
640687
436535
1234702
428139
362229
443413
703985
77721
474035
322826
373952
290737
871596
130775
185384
80703
534422
964439
600923
276140
916182
98008
781703
261491
167796
533815
347008
23474
491417
1013434
428903
429159
12925
1190874
998280
489398
311807
80847
1033639
999978
119037
846277
1105653
164288
213422
520508
29241
133444
1175999
76082
753705
765493
785587
537844
933023
124121
1011949
295501
667699
858182
1168175
825637
310493
444747
1150277
452721
906390
9369
588772
730294
36768
624039
816499
400454
171672
134851
339141
101202
785154
918181
570775
589417
412369
49340
281719
687602
108419
698
113173
290327
353211
374208
345514
1334142
589288
333505
587036
68802
214304
279298
326891
1183583
106261
373116
305001
884022
112477
656397
501071
702098
277646
78816
182688
310942
176430
61883
196107
524837
984270
445502
955326
970045
262671
926195
1033160
47825
340218
123725
411165
87640
509857
1211060
258403
301953
32524
355859
416660
725172
419085
543941
176193
248539
133936
486756
1128587
1082609
300834
474394
1006186
82977
289447
776386
42432
616264
666793
68329
535164
535031
13701
852405
251545
1055290
989158
560998
673495
663666
535209
250293
270071
48527
514580
96845
262455
898788
1332828
216119
969396
147874
354499
611636
658716
550366
807523
41240
913293
296772
86594
425601
1310016
434894
340586
162138
393504
393936
1205864
430148
1084655
738473
277508
145353
541197
99824
179413
1397849
179253
814374
120923
958641
691136
211343
175581
418047
844787
476723
23972
269410
361154
211319
126676
544512
228254
590113
462887
42635
174338
77512
503926
372945
915763
284616
829151
387257
1136604
63009
655779
775050
978917
1168582
644558
22912
546412
69770
456974
232571
676196
1190225
441780
317241
1220716
62341
1048583
67259
953758
45851
274730
42558
145239
440896
97722
290811
218470
333169
825646
606028
712624
664999
57033
170608
449998
312884
206179
193532
52566
144772
428342
686805
890345
535897
64504
379747
270361
214081
25261
476535
330834
339122
55321
148590
247549
603693
337131
238212
256030
32351
169772
177447
539429
396042
1086324
344062
528377
521743
393812
592135
102541
689398
827947
543694
959384
771162
63748
251664
64119
579140
1374896
454972
548192
846962
135149
162441
292644
470208
1177087
388181
160153
595798
287959
495230
553705
759319
668529
723474
137865
61106
745493
950742
918643
1008681
407984
608194
101458
567364
364284
995110
265422
1346645
480693
30871
1028670
313150
61984
730484
851228
149306
681553
288401
313006
762198
33080
972480
268974
1298281
528675
387247
1092278
608285
460276
955423
661385
231667
175476
160309
528732
341163
875897
335489
161984
489147
606450
467221
503281
662709
742213
310376
181164
421615
90208
739838
199220
283351
927359
40632
221666
18714
755652
255107
260774
180470
367395
421102
787425
503491
399818
394321
162420
999339
937211
244151
169397
290111
544749
867847
145340
765902
470453
589459
444543
380034
110686
42874
413435
76201
219573
383614
274487
344656
1121245
667347
277012
454615
13575
220293
777033
134753
617991
291386
115432
171977
120467
647793
437188
614010
322627
864957
591735
468421
210059
914975
431320
653817
496810
44881
84277
100240
1280070
1133874
572914
363699
341230
658570
214668
563517
1318630
43317
26978
299264
853300
996401
14404
410769
691201
660826
612302
1169403
40942
1302908
577
354049
210219
486057
916188
857725
462992
242341
131768
557149
665157
704487
97470
135287
17639
217156
55599
594248
983615
756686
615186
14900
560691
59370
310366
684348
183585
834789
497584
983314
467562
1109474
478263
827624
577258
858670
178683
440374
809647
905451
745666
753972
171118
52827
855652
602614
385337
1014536
432440
861589
643782
716130
541109
796308
756831
694862
634788
941452
70195
441170
619369
215186
1045524
331412
1121042
263784
244893
618933
347943
459698
77517
163724
735041
112348
320882
252302
62608
696253
663530
229660
168146
783243
452041
709993
209235
13856
496038
380692
582999
33005
851008
736598
801841
1091821
95236
151687
654935
715840
731721
470943
22905
546497
648415
184204
1093331
213693
446068
930820
639588
409300
162739
271332
264231
98524
857244
200569
1431592
456711
852538
898330
412214
281499
57416
475883
316945
699520
25643
488217
324686
72614
175295
184911
903521
180804
510951
254909
829891
485136
262950
1287313
967066
114652
464429
956450
765384
989718
707359
126288
10150
37515
203893
221705
906797
687161
352663
189206
698213
729255
783556
36866
5836
282139
126547
302450
359128
126212
621087
327286
328245
388306
704213
12618
599356
125319
310705
317032
1160461
155924
241231
930501
347016
733138
978865
334605
629140
376265
425920
641416
588473
5855
527406
427192
437213
1054792
177510
73364
761798
240450
410179
394550
760102
684323
336538
408872
52059
313859
329749
299950
625454
799808
215116
582346
980298
1340698
606917
339733
666271
7679
246899
211546
1161703
457314
81280
42594
246452
618562
837521
174679
330873
517755
664047
439667
407465
551764
580052
230698
938172
911712
1183236
1047586
822487
691805
513537
92529
1191240
584079
299811
330531
1031155
282757
1105607
50709
544419
1049900
55052
611126
357008
10821
30939
69547
615611
1250395
7532
124518
1241047
904694
510756
6131
117884
635302
176937
400454
494191
720553
67983
810113
397174
208777
299434
96341
217128
1002518
909030
55490
564569
304030
637038
330229
2247
446891
504260
101573
794649
668349
28932
238180
671537
681661
1029886
776817
308878
165996
311551
857558
513102
566878
113211
164601
17559
202347
256730
1080523
234784
121637
543600
350486
529319
909058
193439
153971
773278
608873
217176
478560
1311296
1247173
787582
484268
558039
173513
855737
578469
323633
1207087
283785
90595
532751
757996
911499
260913
64713
440520
254010
101839
75858
155924
225315
518914
297360
319354
345370
482970
284337
249730
682599
957645
290460
472353
170052
640650
1007383
772612
373414
271503
427767
938715
899505
390629
481215
815089
67187
319329
812332
318330
223290
1076946
311991
603451
318832
78066
91659
384423
645126
772091
424387
33424
230715
1156933
359050
441751
431955
1241923
1034863
226519
115663
147909
591658
658451
121963
109216
49400
388151
1004824
457878
263520
138500
103641
305673
247142
1094869
649964
841243
437049
1307378
874002
332948
1350546
203069
15568
346392
101057
158033
299657
546723
710803
1090325
1208094
35966
361810
150756
1025726
110594
424876
205681
1024879
824383
642037
582539
717546
461451
1008963
522859
41020
607728
187524
223656
438352
1050275
929894
1047203
303400
757461
706686
250568
441390
282576
1255052
815548
1107814
79441
40154
439157
529778
183174
79027
447820
638000
503867
610257
105432
923387
192111
530430
858665
68487
667455
240828
576322
281154
607674
1021171
16842
1084340
185746
169069
685227
1184087
816084
940955
594107
733314
1144603
241282
188975
731631
613078
66500
1016184
619601
157913
215017
570287
753349
196936
168687
455108
210850
1063204
317722
460710
906809
493327
235224
33317
486475
1018810
1358208
659263
479683
467564
527571
118053
529862
469388
862790
814146
729642
485707
172884
72843
744590
120708
1103423
257726
655608
362383
574211
371675
270633
1071959
376526
329827
142390
736709
375830
894080
816151
262375
94185
640116
266173
286868
707482
131681
812709
666016
1020758
681096
138291
206832
715190
325539
793959
968389
837589
620251
83399
357594
439231
322965
178677
127536
337350
976486
636878
421710
364360
805676
70560
320993
20632
1375015
760669
774229
670507
319393
155069
232233
344428
266768
107874
197400
18867
485741
